23.3752 93.1949
16.5505 12.597
74.8892 10.4531
45.7482 1.18916
63.7621 15.9133
80.5094 11.5186
68.2677 69.8958
51.3227 34.9229
96.5491 61.6404
74.7374 17.5774
12.4636 51.4931
57.2136 31.4045
63.142 31.4803
58.3557 56.8373
53.2767 48.7542
90.4635 3.25018
39.9066 14.106
18.7766 1.09694
23.7815 91.5887
78.7035 13.2578
45.6952 65.4582
90.2463 75.9577
29.0726 94.5345
41.9256 66.4575
95.3874 36.228
55.0829 53.0819
25.7626 39.1174
8.12206 54.3968
42.1229 94.0934
41.5054 89.0118
83.535 7.46414
65.0996 88.8182
13.1486 77.1475
65.8651 6.77961
25.2092 74.3436
15.8811 96.5504
5.07563 97.4651
95.7544 92.351
24.2845 64.0631
19.3811 15.2008
71.41 20.9723
79.4126 54.7104
29.3149 4.60288
24.4417 73.7714
44.2892 81.9463
60.7932 28.5761
16.8545 42.2227
1.95859 77.3903
27.6004 51.2538
27.316 6.52022
56.7348 49.7697
34.4816 68.5134
85.1727 21.9163
73.1669 8.8822
33.7778 79.8173
78.3966 14.5876
24.322 23.1072
99.6123 82.841
62.1381 50.3612
26.4957 27.7386
49.3057 72.5952
47.7664 8.73062
33.3654 65.0729
27.3554 90.8639
74.7243 70.1389
8.20715 60.4405
78.2455 9.29169
70.9008 80.5703
72.2278 18.6512
9.5847 6.04208
7.91354 18.2962
66.5174 83.608
54.2445 51.0362
76.0653 90.5726
96.4023 11.6565
9.74952 53.9069
30.5756 17.3428
78.7545 28.6893
73.2858 26.8009
31.712 21.0717
43.1986 77.4546
17.9294 4.09431
45.6971 51.1527
70.5901 36.2424
97.7351 58.1589
51.5401 93.1061
59.1166 84.5591
11.2264 84.0325
94.4956 22.3362
80.7485 43.6902
17.3698 96.3452
83.3504 6.74695
88.0802 34.669
35.4669 55.1137
70.3805 57.8919
64.1199 3.75004
90.0459 45.0284
7.92165 17.8157
14.4242 98.1393
61.5331 75.3184
