2.27139 27.719
31.1588 6.94725
47.3906 18.5554
44.5452 31.7097
26.6673 47.8345
11.1592 24.8812
47.6974 37.9885
12.6413 18.5779
34.0561 32.6993
31.4545 49.6925
46.3154 47.7587
44.1956 31.7961
13.0392 45.0881
7.82185 32.3888
16.7897 23.016
42.3497 34.7879
36.5417 23.9823
14.7397 25.8556
45.4097 11.7114
1.58415 4.74308
17.8706 34.6073
39.5473 9.50709
22.6326 33.4181
43.2091 42.3066
47.8841 49.0578
16.5982 13.2612
45.9353 38.968
35.8764 20.01
29.9049 37.7072
25.0417 14.0224
7.63048 26.9349
30.0919 15.5892
29.2012 7.86699
19.0936 2.92372
21.3054 7.98531
23.1688 28.4898
28.8064 37.6515
26.1457 11.4013
18.485 39.9432
48.823 18.8465
4.80707 20.5261
16.5784 12.8848
29.1615 27.565
49.678 1.25478
29.8691 15.9549
40.5919 28.3169
36.6295 6.76149
0.989438 37.4278
34.1254 1.71753
27.2312 33.7179
